13 8
1    -1     0     0     0     1     3    -4
1     1     0   -48     0     2     0    -2
1     0     0     0     0     1     0    -1
1     0    -8     0     0     0     1    -1
1     0     3     2    -2     0     0     0
1     1   -16   -16     0     0     0     0
1     1   -24     0     0     0     0     0
1     0     1     0     0     0     0     0
1     0    -3    -2     2     0     0     1
1    -1     0    16     0     0     2    13
1    -1    24     0     0     1     0    20
1    -1    16    16     0     0     0    29
1    -1     0    48     0     0     0    45