17 8
1    -1    -8     0    16     0     0    37
1     1     0   -48     0     2     0    -3
1     0   -16   -32    16     1     0    14
1    -1    24     0     0     1     0    18
1    -1     8    16     0     0     1    21
1     0     0   -16     0     1     1    -2
1     1    32    16   -32     0     0    -1
1    -1    16    16     0     0     0    28
1     1    -8   -32     0     1     0    -1
1     0     0     0     0     1     0    -1
1     0    16    16   -16     0     1    -1
1     1     8     0   -16     0     0     0
1     0     3     2    -2     0     0     0
1     0     1     2    -1     0     0     0
1     0    -1    -1     1     0     0     0
1    -1     8     0     0     1     2     4
1    -1   -24   -32    32     1     0    36