[
 [0, 0], [20, 1], [40, 2], [60, 4], [80, 7],
 [100, 11], [120, 16], [140, 22], [160, 29], [180, 37],
 [200, 46], [220, 56], [240, 67], [260, 79], [280, 92],
 [300, 106], [320, 121], [340, 137], [360, 154], [380, 172],
 [400, 191], [380, 211], [360, 230], [340, 248], [320, 265],
 [300, 281], [280, 296], [260, 310], [240, 323], [220, 335],
 [200, 346], [180, 356], [160, 365], [140, 373], [120, 380],
 [100, 386], [80, 391], [60, 395], [40, 398], [20, 399],
 [10, 398], [8, 396], [6, 393], [4, 389], [3, 384],
 [2, 378], [1, 371], [1, 362], [1, 351], [0, 340]
]: