[[-95, -5], [-92, 9], [-88, 23], [-83, 36], [-77, 49], [-70, 60], [-62, 71],
 [-53, 80], [-43, 88], [-33, 94], [-22, 99], [-11, 102], [0, 103], [11, 102],
 [22, 100], [33, 96], [42, 91], [51, 84], [59, 76], [66, 67], [72, 57],
 [77, 46], [81, 34], [84, 21], [86, 8], [87, -4], [87, -16], [86, -27],
 [84, -38], [81, -49], [77, -59], [72, -68], [66, -76], [59, -84], [51, -90],
 [42, -95], [32, -99], [22, -101], [11, -103], [0, -103], [-11, -102],
 [-21, -100], [-31, -97], [-40, -93], [-49, -88], [-57, -82], [-64, -75],
 [-70, -67], [-76, -58], [-81, -49], [-85, -39], [-88, -29], [-90, -18],
 [-91, -7], [-92, 4], [-91, 15], [-89, 26], [-87, 37], [-83, 47], [-79, 57],
 [-74, 66], [-68, 74], [-61, 82], [-54, 88], [-46, 93], [-37, 97], [-28, 100],
 [-19, 102], [-9, 102], [0, 102], [9, 101], [18, 98], [27, 94]]: