[[-80, -10], [-77, 4], [-73, 17], [-68, 30], [-62, 42], [-55, 53], [-48, 63],
 [-40, 72], [-31, 80], [-22, 87], [-12, 92], [-2, 96], [7, 98], [17, 99],
 [27, 98], [36, 96], [45, 92], [53, 87], [61, 81], [68, 73], [74, 65],
 [79, 56], [83, 46], [86, 36], [88, 26], [89, 16], [89, 5], [88, -5],
 [86, -15], [83, -25], [79, -34], [74, -43], [68, -51], [62, -58], [55, -65],
 [47, -71], [39, -76], [30, -80], [21, -83], [12, -85], [3, -86], [-6, -86],
 [-15, -85], [-24, -83], [-33, -80], [-41, -76], [-49, -71], [-56, -65],
 [-63, -58], [-69, -51], [-74, -43], [-78, -34], [-81, -25], [-83, -15],
 [-84, -5], [-84, 4], [-83, 14], [-81, 24], [-78, 33], [-74, 42], [-69, 50],
 [-63, 58], [-57, 65], [-50, 71], [-42, 77], [-34, 81], [-25, 85], [-17, 87],
 [-8, 89], [0, 89], [8, 88], [16, 86], [24, 83], [32, 79]]: